stop_id,stop_code,stop_name,stop_desc,stop_lat,stop_lon,zone_id,location_type,wheelchair_boarding
118,1101,LEHENDAKARI AGUIRRE 149,,43.27775189531944,-2.9607975870999135,1,0,1
119,1102,LEHENDAKARI AGUIRRE 154,,43.278840023217484,-2.9612926888166413,1,0,1
120,1103,LEHENDAKARI AGUIRRE 161,,43.279439459232769,-2.9617527706373181,1,0,1
122,1104,PLAZA LEVANTE,,43.281711991126137,-2.9628574176995111,1,0,1
121,1105,LEHENDAKARI AGUIRRE 179,,43.281756526363765,-2.9630318561933136,1,0,1
123,1106,ORIXE 54,,43.283746833557309,-2.962508088356087,1,0,1
124,1201,IGNACIO  ELLACURÍA / ELORRIETA ,,43.284110770112605,-2.9654816263260946,1,0,1
83,1301,SARRIKO,,43.274658348573517,-2.9585358476060124,1,0,1
87,1302,DON BOSCO / UGARTEKO,,43.273344602592985,-2.955510555078972,1,0,1
82,1303,LEHENDAKARI AGUIRRE 135,,43.275900787285714,-2.9597845800746949,1,0,1
81,1304,LEHENDAKARI AGUIRRE 140,,43.276814896648851,-2.9601014576708655,1,0,1
85,1305,LEHENDAKARI AGUIRRE 81,,43.273810139700643,-2.9576214074041216,1,0,1
88,1306,UGARTEKO / IBARREKOLANDA,,43.273844383794795,-2.9554560152607321,1,0,1
130,1401,ARANEKO fte.22,,43.2741618473444,-2.9497927470022911,1,0,1
78,1402,BLAS DE OTERO fte. 23,,43.270073698205394,-2.9470847498173813,1,0,1
95,1403,BLAS DE OTERO fte. 57,,43.269834845052863,-2.9518522260396507,1,0,1
76,1404,BOTICA VIEJA,,43.26918370711266,-2.9436339291272309,1,0,1
71,1405,BOTICA VIEJA / PUENTE DE DEUSTU,,43.269952399722165,-2.9403442439719405,1,0,1
75,1407,HELIODORO DE LA TORRE,,43.269283815263982,-2.9437626384632756,1,0,1
69,1408,BOTICA VIEJA 1,,43.269994195462075,-2.9403853657444219,1,0,1
554,1409,BUENAVISTA,,43.274006049642026,-2.9433544523879305,1,0,1
72,1410,HERMANOS AGUIRRE ,,43.270986852901764,-2.9409105258898594,1,0,1
89,1411,IBARREKOLANDA 19,,43.273686815803778,-2.9544688472707814,1,0,1
86,1412,DON BOSCO ,,43.272734369472445,-2.9554928761744219,1,0,1
91,1413,ESCUELA DE IDIOMAS,,43.271681857936876,-2.9441703398998285,1,0,1
92,1414,LEHENDAKARI AGUIRRE / fte. BIDARTE,,43.271995267126833,-2.9499921921550794,1,0,1
93,1415,LEHENDAKARI AGUIRRE 42,,43.27213423273718,-2.9510352035989049,1,0,1
79,1416,LUIS POWER fte. 18,,43.270630807227192,-2.9474354970827377,1,0,1
77,1417,LUIS POWER fte. 4 ,,43.268717234636895,-2.9472745746287892,1,0,1
99,1418,MADARIAGA ,,43.270732673016909,-2.9568788946726481,1,0,1
97,1419,MADARIAGA / fte. LA SALLE,,43.27079389045673,-2.9545199343868322,1,0,1
98,1420,BASABE,,43.270677146660056,-2.9566054306954803,1,0,1
96,1421,LA SALLE,,43.270725746654641,-2.9549515471837395,1,0,1
90,1423,SAN PEDRO / IGLESIA,,43.271903890681486,-2.94496541568157,1,0,1
74,1424,SAN PIO X / FRANCESC MACIÀ,,43.270971909285713,-2.9415795975422516,1,0,1
73,1425,SAN PIO X / HERMANOS AGUIRRE,,43.27104294375868,-2.94131010404469,1,0,1
94,1428,SAGRADA FAMILIA / fte. SALESIANOS ,,43.271313853214465,-2.9526699999725072,1,0,1
603,1430,IBARREKOLANDA 17,,43.273541399186982,-2.954085165825223,1,0,1
604,1431,IBARREKOLANDA / PARKING,,43.27344649320716,-2.9535042188488068,1,0,1
1543,1432,MADARIAGA 13,,43.27103162647613,-2.9462110866698636,1,0,1
68,1434,PUENTE PEDRO ARRUPE,,43.270204003399279,-2.93727256942446,1,0,1
67,1435,UNIVERSIDAD DEUSTO,,43.270256883623631,-2.9376533655740986,1,0,1
110,1504,RIBERA DE DEUSTU fte. 59,,43.2680662121268,-2.9615706767869785,1,0,1
109,1509,RIBERA DE DEUSTU 57,,43.267958172681553,-2.9613527226472023,1,0,1
116,1511,ZORROTZAURRE fte. 17,,43.274704032198166,-2.9671654853722766,1,0,1
114,1513,ZORROTZAURRE fte. 9,,43.27261510997829,-2.9653660412243146,1,0,1
115,1514,ZORROTZAURRE 17,,43.2745756619525,-2.9669889906551328,1,0,1
113,1515,ZORROTZAURRE 9,,43.27246290172932,-2.9652314820204344,1,0,1
1286,1518,GENERAL ERASO / CLÍNICA IMQ,,43.267789539878891,-2.9514074692914116,1,0,1
1589,1519,JULIO URQUIJO,,43.268198740259685,-2.9540482852661332,1,0,1
3685,1520,ZORROTZAURRE 2,,43.271400641418531,-2.9646775091805155,1,0,1
5797,1522,CARGUERAS 17,,43.26710437592569,-2.9586040581111117,1,0,1
5798,1523,CARGUERAS 1,,43.266561397652559,-2.9562263084770448,1,0,1
6475,1525,GALLETERAS / PUENTE FRANK GEHRY,,43.26681382897079,-2.9555859320950173,1,0,1
6847,1527,GALLETERAS 42,,43.277640627639911,-2.9667456622932411,1,0,1
6849,1528,GALLETERAS PUNTA NORTE,,43.279729218590333,-2.9676062925985249,1,0,1
6850,1529,CARGUERAS / esq. GALLETERAS,,43.267591666301463,-2.9585792390618688,1,0,1
131,1601,ARANEKO 17,,43.274125275667927,-2.9484785907030604,1,0,1
128,1602,BERRIZBIDEA,,43.276070773797649,-2.9495538341766361,1,0,1
132,1603,EGILEOR 4,,43.274441041622936,-2.9472659879487559,1,0,1
135,1604,MONTE GANETA fte. 7,,43.275420653542739,-2.9474762072326528,1,0,1
129,1605,CAMINO MIRAMAR / ESCUELA,,43.275414074217387,-2.9496823458202486,1,0,1
556,1606,VIRGEN DEL PINAR 5,,43.276583873816122,-2.9505568249537584,1,0,1
555,1607,VIRGEN DEL PINAR 9,,43.276156773084018,-2.9501503079668217,1,0,1
133,1608,GANEKOGORTA 10,,43.274774124891543,-2.9469123572018217,1,0,1
134,1609,GORBEIA fte. 3,,43.274401554767621,-2.9458173055160572,1,0,1
127,1701,ARANEKO / CEMENTERIO,,43.275474894173925,-2.9524388431027555,1,0,1
126,1702,CAMINO MIRAMAR fte. 47,,43.27682782389784,-2.9532074526871961,1,0,1
125,1703,CAMINO MIRAMAR / ARANEKOBIDEA,,43.276565320510123,-2.9538832045623664,1,0,1
1047,1705,ENEKURI / GASOLINERA,,43.286044592925073,-2.9583931025100432,1,0,1
1051,1706,ENEKURI,,43.289607147185684,-2.9607335522902174,1,0,1
1052,1707,ENEKURI / fte. SAN PABLO,,43.287600007536888,-2.9575677567841461,1,0,1
533,1708,ELORRIAGA,,43.283110418054434,-2.9530299901565553,1,0,1
1049,1709,BERRIZ / CAMPO DE TIRO,,43.279215476387265,-2.9460926056839032,1,0,1
531,1710,ESCUELA DE HOSTELERÍA,,43.279726581068843,-2.941718264661124,1,0,1
530,1711,AIXERROTA,,43.278202582474925,-2.9349884725428308,1,0,1
1417,1712,MONTE ELORRIAGA,,43.275399225008542,-2.9537073760696231,1,0,1
14,2101,CAMPO VOLANTÍN fte. 21,,43.266454559610757,-2.926880411516573,1,0,1
10,2103,CAMPO VOLANTÍN / LA SALVE,,43.269251491984768,-2.9304031737306415,1,0,1
16,2104,CAMPO VOLANTÍN 13,,43.265243947118257,-2.9252895038730924,1,0,1
13,2105,CAMPO VOLANTÍN 23,,43.266849787437444,-2.9272883425615541,1,0,1
12,2107,FUNICULAR,,43.268384297412624,-2.9265404071645498,1,0,1
18,2108,AYUNTAMIENTO,,43.263942282653112,-2.923615305397822,1,0,1
9,2109,PUENTE LA SALVE ,,43.269699825538396,-2.9314352323581274,1,0,1
236,2110,TIBOLI 1,,43.266225844440285,-2.925530465103821,1,0,1
11,2111,TRISTÁN DE LEGUIZAMÓN 5,,43.269184841117436,-2.9287148846933317,1,0,1
6964,2112,Fte. AYUNTAMIENTO,,43.264079351167112,-2.9239719694142612,1,0,1
7434,2113,HUERTAS DE LA VILLA 17,,43.267885018323561,-2.9274755173830789,1,0,1
24,2201,ANSELMA DE SALCES fte.2,,43.266279469898073,-2.9229441672131062,1,0,1
20,2202,CRISTO 1,,43.26500185892516,-2.9225287778476194,1,0,1
22,2203,MATIKO 1,,43.268115028647443,-2.9245832863887635,1,0,1
23,2205,RICARDO ARREGUI 33,,43.269323969752982,-2.9246559404332824,1,0,1
21,2206,TIBOLI 12,,43.267210884456979,-2.9252482268174118,1,0,1
1193,2207,MATIKO 27,,43.266920468588985,-2.9227720578431184,1,0,1
7436,2208,ARTATZAMINA Fte.1,,43.26916602345549,-2.9257962081987978,1,0,1
7439,2209,ANSELMA DE SALCES 17,,43.267203938314061,-2.9246308292673278,1,0,1
31,2301,MAURICE RAVEL / CIUDAD JARDÍN,,43.270103532415234,-2.9260557288414737,1,0,1
43,2302,VÍA VIEJA DE LEZAMA 85,,43.272370967399326,-2.92539966956233,1,0,1
41,2303,VÍA VIEJA DE LEZAMA 93,,43.272698469569875,-2.926042817309499,1,0,1
38,2401,MONTE ALDAMIZ / TELEFÓNICA,,43.268321738488005,-2.918694739264339,1,0,1
29,2402,MONTE IZARO 8,,43.267492576104196,-2.9198860565166602,1,0,1
32,2403,MAURICE RAVEL / fte. MIRADOR ,,43.269658836065005,-2.9225069390653231,1,0,1
237,2404,MAURICE RAVEL / MIRADOR ,,43.269848089689468,-2.9225837771797605,1,0,1
40,2405,MAURICE RAVEL 20 ,,43.267833940984708,-2.9184451110800129,1,0,1
39,2406,MAURICE RAVEL 7,,43.267649749342183,-2.9184891250428859,1,0,1
37,2407,MÚSICO GURIDI,,43.265611624777875,-2.9169223894988878,1,0,1
30,2408,SAN VALENTÍN DE BERRIOTXOA,,43.266148166892947,-2.918063564169366,1,0,1
27,2409,TRAUKO fte. 5,,43.267195150074684,-2.9213867935761386,1,0,1
26,2410,TRAUKO 3,,43.267281240454125,-2.9215573338171836,1,0,1
49,2411,VÍA VIEJA DE LEZAMA /  NUEVA AURORA,,43.269336944788115,-2.9186862369491164,1,0,1
50,2412,VÍA VIEJA DE LEZAMA 59,,43.268027169135294,-2.9157425743727168,1,0,1
47,2413,VÍA VIEJA DE LEZAMA 73,,43.270082116827282,-2.9198016352504492,1,0,1
45,2414,VÍA VIEJA DE LEZAMA 75,,43.271434634972771,-2.9212335660276021,1,0,1
35,2415,ZUMALACARREGUI / TOMÁS ZUBIRÍA,,43.264919813716944,-2.9183880465564438,1,0,1
28,2416,TRAUKO 14,,43.266728718417205,-2.9197902189574103,1,0,1
785,2417,TRAUKO fte. 14,,43.266718136235781,-2.9196130864460605,1,0,1
65,2501,ANDRAMARIA DE BEGOÑA,,43.262289409838075,-2.9131359462353466,1,0,1
62,2502,ARABELLA,,43.261273299300981,-2.9114660226879505,1,0,1
36,2503,BUEN PASTOR ,,43.26545559845,-2.9167480288175884,1,0,1
59,2504,SAN ISIDRO,,43.260677610177304,-2.91264707641109,1,0,1
53,2505,VÍA VIEJA DE LEZAMA / ITURRIONDO,,43.264666242505328,-2.9136984345905041,1,0,1
54,2506,VÍA VIEJA DE LEZAMA 2,,43.262410902048579,-2.915359738161666,1,0,1
52,2507,VÍA VIEJA DE LEZAMA 35,,43.265328345678434,-2.9133663742318947,1,0,1
55,2508,ZUMALACARREGUI 105,,43.261550505079896,-2.9153266736124395,1,0,1
58,2509,ZUMALACARREGUI 121,,43.260334596825778,-2.914121496372279,1,0,1
66,2510,ZURBARANBARRI,,43.264759732509177,-2.9118891237131361,1,0,1
64,2601,SARRIKUE,,43.262833954941868,-2.9110548105118319,1,0,1
63,2602,ZABALBIDE fte. 112 ,,43.26117124593096,-2.9111782546431684,1,0,1
4072,2605,ZABALBIDE 221,,43.264590772380593,-2.907977855331894,1,0,1
44,2701,VÍA VIEJA DE LEZAMA / MONTAÑO,,43.271399915335046,-2.9211209463577128,1,0,1
42,2702,VÍA VIEJA DE LEZAMA fte. 85,,43.272361740610236,-2.925169385400233,1,0,1
51,2703,VÍA VIEJA DE LEZAMA 70,,43.267905848541844,-2.91555403308643,1,0,1
48,2704,VÍA VIEJA DE LEZAMA 78,,43.269421731080961,-2.9188675602833176,1,0,1
46,2705,VÍA VIEJA DE LEZAMA 82,,43.270100608048409,-2.9197578556366728,1,0,1
529,2706,ARTXANDA / COLEGIO JESÚS MARÍA,,43.276938148212849,-2.9265502190805242,1,0,1
1056,2707,ARTXANDA / NOGARO,,43.275983683999215,-2.9240068060217164,1,0,1
1057,2708,ARTXANDA / FUNICULAR,,43.274667759712926,-2.9205156812397761,1,0,1
527,2709,ARTXANDA / POLIDEPORTIVO,,43.273590592177378,-2.9175549523559319,1,0,1
1041,2710,ARTXANDA / LA ESPERANZA,,43.271667655193212,-2.9134073955239006,1,0,1
525,2711,ARTXANDA / MIRADOR,,43.269222553324234,-2.9089183555798441,1,0,1
1327,2713,ATXETABIDEA / JESUITINAS,,43.264154715001183,-2.9089856913982781,1,0,1
2804,2714,ATXETABIDEA 47,,43.263554379061922,-2.9104648274718112,1,0,1
2744,27313,GORDÓNIZ 90,,43.24941308208323,-2.9469827504896671,1,0,1
2748,27508,CIRCUNVALACIÓN 1,,43.251259267447473,-2.948910567349607,1,0,1
2749,27509,CIRCUNVALACIÓN 12,,43.249876278669149,-2.949516047488927,1,0,1
2750,27510,URETAMENDI ,,43.248702289530542,-2.9493523768186964,1,0,1
201,3101,ARBOLANTXA 18,,43.260834053563968,-2.8967112950273641,1,0,1
205,3102,JULIÁN GAIARRE fte. 61,,43.257348462946183,-2.89915611339477,1,0,1
593,3103,KEPA ENBEITA "URRETXINDORRA",,43.25941340451044,-2.900367556425564,1,0,1
561,3104,LANGARAN fte. 3 ,,43.257962757627816,-2.8980435229061126,1,0,1
200,3105,LANGARAN 44,,43.260535245774967,-2.8979657595612327,1,0,1
197,3106,LARRATUNDU 21,,43.260868919849159,-2.8988796830652852,1,0,1
562,3107,PAU CASALS fte. 21,,43.257716612397722,-2.8991051668063124,1,0,1
193,3108,PAU CASALS / JESÚS GALÍNDEZ,,43.258691695934353,-2.9027771663519082,1,0,1
194,3109,PAU CASALS 16,,43.259350102210135,-2.9003891515863813,1,0,1
204,3110,TXOTENA  / LANGARAN,,43.258930856965485,-2.8977738362837675,1,0,1
202,3111,TXOTENA 62,,43.258756582377124,-2.8967577308189583,1,0,1
203,3112,TXOTENA 8,,43.257419181841463,-2.8965892351744249,1,0,1
1120,3113,UGARTE fte. 7,,43.260622470395944,-2.9013015899110153,1,0,1
198,3114,UGARTE 2,,43.261368123791144,-2.9004281846129327,1,0,1
195,3115,ZIZERUENA / IGLESIA,,43.259704634156421,-2.9005579575560341,1,0,1
199,3116,ZIZERUENA 22,,43.261355358324423,-2.899631123910662,1,0,1
184,3201,ARTALANDIO 3 ,,43.2562750425702,-2.90383238849572,1,0,1
221,3202,ORNILLA fte.12,,43.254931230696315,-2.9072610142251714,1,0,1
183,3203,ORNILLA / ARTALANDIO,,43.256140270346542,-2.904465922266279,1,0,1
192,3204,ORNILLA / PAU CASALS,,43.258460139140169,-2.9027753983035343,1,0,1
214,3205,FERNANDO JIMÉNEZ 12 ,,43.25080284765113,-2.9045803278660363,1,0,1
181,3206,GABRIEL ARESTI / fte. AMBULATORIO,,43.257437475421838,-2.9072558169178366,1,0,1
190,3208,GARAIZAR fte. 16 ,,43.260386644755016,-2.9033571277924488,1,0,1
189,3209,GARAIZAR / IKASTOLA,,43.261541742685907,-2.904877872766872,1,0,1
187,3210,JESÚS GALÍNDEZ / ADORATRICES,,43.260406649648715,-2.9046990859017803,1,0,1
177,3211,JESÚS GALÍNDEZ / TXOMIN GARAT,,43.257850265476762,-2.9097547410931268,1,0,1
188,3213,JESÚS GALÍNDEZ 26,,43.260382656624941,-2.9048286268625008,1,0,1
178,3214,JESÚS GALÍNDEZ 3,,43.258959885101838,-2.9090662001117145,1,0,1
207,3215,JULIÁN GAIARRE fte. 39 ,,43.25551551855461,-2.9007631356080843,1,0,1
215,3216,JULIÁN GAIARRE fte. 6,,43.250362284492226,-2.9037231465001838,1,0,1
216,3217,JULIÁN GAIARRE 10,,43.250742501828718,-2.903397673642528,1,0,1
211,3218,JULIÁN GAIARRE 23,,43.253021928451048,-2.9022797786336061,1,0,1
210,3219,JULIÁN GAIARRE 33,,43.25505062051117,-2.9011735799025522,1,0,1
212,3220,JULIÁN GAIARRE 36,,43.252555710543007,-2.9023986302036571,1,0,1
208,3221,JULIÁN GAIARRE 39 ,,43.2555894170618,-2.9007811252431712,1,0,1
206,3222,JULIÁN GAIARRE 61,,43.257399517908,-2.8992207291858718,1,0,1
209,3223,JULIÁN GAIARRE 82,,43.254974490993661,-2.9010917369237426,1,0,1
213,3224,ONDARROA / PARQUE,,43.253379388521516,-2.9037759751557228,1,0,1
179,3225,TXOMIN GARAT 12,,43.256862841019768,-2.9068844018404811,1,0,1
176,3226,TXOMIN GARAT 4,,43.2572491517549,-2.9098947024818664,1,0,1
182,3227,TXOMIN GARAT 40 ,,43.256505237486088,-2.9048058035840447,1,0,1
180,3228,TXOMIN GARAT 9 ,,43.257054947323567,-2.9069053816540973,1,0,1
61,3229,ZABALBIDE fte. 61,,43.257994814201943,-2.9110035913442456,1,0,1
174,3230,ZUMALACARREGUI / fte. MAKUA,,43.256988763150673,-2.911876598739418,1,0,1
1711,3231,AMBULATORIO TXURDINAGA,,43.257218905880173,-2.9082452326592856,1,0,1
4328,3232,ZABALBIDE 110A,,43.260643568961285,-2.9116999895937536,1,0,1
2726,3301,ORUETA,,43.265074382498,-2.9033825952125678,1,0,1
2727,3302,Fte. ORUETA,,43.265046792953967,-2.9032022196044007,1,0,1
2724,3303,MIKOLETA,,43.266291384949753,-2.8990179900956088,1,0,1
2725,3304,Fte. MIKOLETA,,43.26589311635793,-2.8974019340732347,1,0,1
2722,3305,ETXEARTE,,43.264594526496239,-2.8900179448471546,1,0,1
2723,3306,Fte. ETXEARTE,,43.264409219414716,-2.8898938972987209,1,0,1
2721,3307,HOSPITAL SANTA MARINA,,43.262323591241085,-2.8830583181396787,1,0,1
149,4101,AMADEO DEPRIT / DOLARETXE,,43.257827863059681,-2.9168041855406961,1,0,1
150,4102,AMADEO DEPRIT / PEDRO CORTÉS,,43.260057104708345,-2.9170709794905103,1,0,1
151,4103,AMADEO DEPRIT 8,,43.260278249221727,-2.916767412299214,1,0,1
60,4104,BASÍLICA DE BEGOÑA,,43.259001059565747,-2.913919532836065,1,0,1
175,4105,MAKUA,,43.256886949548573,-2.9120546746655624,1,0,1
156,4106,MASUSTEGI fte. 21,,43.257456698285679,-2.9134899966228875,1,0,1
157,4107,MASUSTEGI 21,,43.257274844509446,-2.9136665001262312,1,0,1
159,4108,MASUSTEGI 3,,43.256003259123432,-2.9131508308724592,1,0,1
57,4109,ZUMALACARREGUI 38,,43.260795204881788,-2.9148660649392739,1,0,1
227,4201,ANTONIO EGUILUZ 19,,43.250694751049387,-2.9118957310360383,1,0,1
218,4202,CIRCO AMATEUR / POLIDEPORTIVO,,43.249584680323913,-2.9084859425141447,1,0,1
224,4203,ENRIQUE IBARRETA 2,,43.254474076025318,-2.9108061354830816,1,0,1
171,4204,INDALECIO PRIETO fte. 12,,43.250011620349923,-2.9175309621195438,1,0,1
170,4205,INDALECIO PRIETO 1,,43.248904055790639,-2.91938976494118,1,0,1
172,4206,INDALECIO PRIETO 16,,43.250014083221124,-2.91690308575392,1,0,1
225,4208,ITURRIAGA 58 ,,43.251668191830944,-2.9106395873005795,1,0,1
223,4209,SANTA CLARA fte. 12,,43.255009249119347,-2.9119869303044861,1,0,1
229,4210,SANTUTXU fte.45,,43.251019168438383,-2.9147740093544479,1,0,1
231,4211,SANTUTXU 18,,43.253102204017658,-2.9156515850765548,1,0,1
160,4212,SANTUTXU 2,,43.254640568386428,-2.916965628977723,1,0,1
230,4213,SANTUTXU 48,,43.251738772777578,-2.9146946319977345,1,0,1
4457,4217,INDALECIO PRIETO / JM LIDÓN,,43.249055156829975,-2.9188585730494454,1,0,1
490,4301,BILBAO-GALDAKAO 12,,43.248013016615289,-2.9068752161367124,1,0,1
219,4302,CIRCO AMATEUR / fte. POLIDEPORTIVO,,43.249915506228923,-2.908656231963366,1,0,1
217,4303,CIRCO AMATEUR / BOLUETA,,43.248690548903582,-2.906980630577868,1,0,1
228,4305,SAGARMINAGA 32,,43.249057729581068,-2.9136125329070244,1,0,1
792,4306,CAMINO DEL PONTÓN / fte. IKASTOLA ,,43.244219087653683,-2.917422311555621,1,0,1
791,4307,CAMINO DEL PONTÓN / IKASTOLA ,,43.244238600400763,-2.9174740836145778,1,0,1
794,4308,CAMINO DEL PONTÓN 5,,43.246427116173187,-2.909593813479789,1,0,1
793,4309,CAMINO DEL PONTÓN fte.3,,43.246523495376934,-2.9093404748528511,1,0,1
515,4310,AVENIDA MIRAFLORES / fte. GASOLINERA ,,43.246846375174847,-2.9113856763355552,1,0,1
517,4311,AVENIDA MIRAFLORES / GASOLINERA,,43.246801477762624,-2.911809783777124,1,0,1
1075,4312,PINTOR LOSADA 26,,43.24847013216111,-2.9126211039716341,1,0,1
138,5101,ARENAL / fte. SAN NICOLÁS,,43.260431181535942,-2.9229886178264439,1,0,1
140,5102,ARENAL / ARRIAGA,,43.259582092910726,-2.9240903262864539,1,0,1
19,5103,ERNESTO ERKOREKA 8,,43.264119114157765,-2.9226424407481435,1,0,1
56,5104,PÁRROCO UGAZ / ROTONDA,,43.2614377801749,-2.9159225765796224,1,0,1
139,5105,PUENTE DEL ARENAL,,43.259806731974088,-2.9241489626134225,1,0,1
232,5106,MERCADO DE LA RIBERA,,43.256609433360268,-2.9257696045193571,1,0,1
141,5107,SAN NICOLÁS 4,,43.259850468431672,-2.9223630866350194,1,0,1
136,5108,SENDEJA fte. 5 ,,43.262864971794066,-2.9231041804923739,1,0,1
142,5109,UNAMUNO,,43.25819180203036,-2.9216252065068762,1,0,1
137,5110,VIUDA DE EPALZA 1 / SAN NICOLÁS,,43.260440307445663,-2.9228078077207043,1,0,1
34,5111,ZUMALACARREGUI / fte. TOMÁS ZUBIRÍA,,43.264769914857524,-2.9184661989695964,1,0,1
148,5201,AMADEO DEPRIT 1,,43.25777915383776,-2.9168871419639815,1,0,1
143,5202,FIKA 2,,43.257647662813689,-2.9186809312853526,1,0,1
152,5203,ITURRIBIDE 53,,43.256895187802705,-2.9170271710490625,1,0,1
144,5204,PRIM 22 Bis,,43.257621659976792,-2.9176949243482397,1,0,1
145,5205,PRIM 36,,43.256747708983873,-2.9161554035306643,1,0,1
146,5206,PRIM 52,,43.256280552851983,-2.9144885330562769,1,0,1
147,5207,PRIM 60,,43.257145362559775,-2.9144987017601971,1,0,1
154,5301,FIKA 18,,43.25710975063938,-2.919261481055861,1,0,1
155,5302,FIKA 22,,43.256135970907913,-2.9193674966511622,1,0,1
153,5303,FIKA 8,,43.256965525616486,-2.9186180623757361,1,0,1
161,5304,ZABALBIDE fte. 32,,43.255274816327528,-2.919432711857759,1,0,1
158,5305,ZABALBIDE 41,,43.254673337476461,-2.914992515959089,1,0,1
162,5306,ZABALBIDE 7,,43.255900020427788,-2.9218075043031635,1,0,1
167,5401,ATXURI fte. 15 ,,43.2536275283666,-2.921382509474181,1,0,1
169,5402,ATXURI fte. 49,,43.251484441600368,-2.9215128703458997,1,0,1
166,5403,ATXURI 15,,43.253616075015195,-2.921326684339403,1,0,1
168,5404,ATXURI 49,,43.251550982262707,-2.9214671031757824,1,0,1
163,5405,DIECISÉIS DE AGOSTO,,43.255048879453781,-2.9226102902853852,1,0,1
165,5406,PLAZUELA SANTOS JUANES 4,,43.2549995563666,-2.9221523583004747,1,0,1
164,5407,PLAZUELA SANTOS JUANES 7,,43.255117703982243,-2.9221338796737224,1,0,1
251,5501,ABUSU / IBAIALDE,,43.241983835796027,-2.9236873530809437,1,0,1
253,5502,ABUSU / IBAIEDER,,43.2414974838262,-2.9213233736589967,1,0,1
249,5503,ABUSU / IBAIZABAL,,43.243148223384289,-2.9249605282903612,1,0,1
255,5504,BUIA / fte. BOLINTXUBIDEA,,43.23280290528681,-2.9145201313903333,1,0,1
256,5505,BUIA / BOLINTXUBIDEA,,43.232668663922695,-2.9145866845998052,1,0,1
564,5506,BARRIO BUIA fte. 153,,43.22639641048432,-2.9139243390139704,1,0,1
563,5507,BUIA AUZOA 153,,43.226432756337552,-2.9140086135979559,1,0,1
565,5508,BUIABEKOA ,,43.227146883830187,-2.9167161676577522,1,0,1
342,5509,LARRASKITUBIDEA / fte. ESTRADA BEITI,,43.241979259842296,-2.9346968459847287,1,0,1
344,5510,LARRASKITUBIDEA 81,,43.242918253057809,-2.9380982351276539,1,0,1
487,5511,OLLARGAN,,43.239459170585526,-2.9181860423188231,1,0,1
257,5512,SAN ADRIÁN fte. 48,,43.243351479839781,-2.9318111343596427,1,0,1
244,5513,URAZURRUTIA,,43.249018293826637,-2.9215131150740627,1,0,1
247,5514,ZAMACOLA fte. 84,,43.24489155109724,-2.9243359037426466,1,0,1
248,5515,ZAMACOLA / ESCUELA,,43.244861096366492,-2.924980144673329,1,0,1
250,5516,ZAMACOLA 116,,43.242469397798352,-2.9256486540704953,1,0,1
252,5517,ZAMACOLA 150,,43.241261977854229,-2.9235697712966204,1,0,1
254,5518,ZAMACOLA 168,,43.240996978151564,-2.9215172351585648,1,0,1
243,5519,ZAMACOLA 26,,43.24952546048322,-2.9218606291759905,1,0,1
242,5520,ZAMACOLA 4,,43.251079362875323,-2.9229630950016485,1,0,1
245,5521,ZAMACOLA 39,,43.246120134914,-2.9217665377509472,1,0,1
246,5522,ZAMACOLA 70,,43.245739629782953,-2.9225822460799917,1,0,1
238,5601,OLANO fte.4,,43.2541365693636,-2.9251761705136863,1,0,1
239,5602,URAZURRUTIA / SALA CUNA,,43.254024815243554,-2.92321843131766,1,0,1
240,5603,URAZURRUTIA 14,,43.253744487817073,-2.9231266467074888,1,0,1
241,5604,URAZURRUTIA 40,,43.2523984444354,-2.9231045960144653,1,0,1
1341,5605,URAZURRUTIA 29,,43.252013914727343,-2.9228613497518188,1,0,1
4456,5606,MIRIBILLA / ESCUELA,,43.254314246675889,-2.9276922651539796,1,0,1
234,5701,CORTES fte. 2,,43.254856350934809,-2.9269724432996682,1,0,1
282,5702,CORTES 13,,43.255363199273177,-2.9283661697119689,1,0,1
281,5703,CORTES 23,,43.256042946855672,-2.9302539753334793,1,0,1
233,5704,MUELLE DE LA MERCED 3,,43.257107263727711,-2.9271632599817528,1,0,1
4451,5706,CORAZON DE MARIA,,43.255651293962522,-2.9276767984878784,1,0,1
4452,5707,SAN FRANCISCO 36,,43.25677333092603,-2.9308649381078973,1,0,1
4453,5708,OLANO 10,,43.254358200647509,-2.9277827871917816,1,0,1
280,5801,Dr. FLEMING 1,,43.256530044289704,-2.931811117748655,1,0,1
278,5802,JUAN DE GARAY 11,,43.254897711824654,-2.933456536198277,1,0,1
277,5803,JUAN DE GARAY 33,,43.252713464349412,-2.9343383519726167,1,0,1
264,5804,ROTONDA JUAN DE GARAY,,43.250650856036316,-2.9337292302008433,1,0,1
276,5805,XENPELAR / ZABALA,,43.25280703927853,-2.9326246906132072,1,0,1
279,5806,ZABALA 22,,43.254369898498034,-2.9321058733810967,1,0,1
274,5901,GERNIKA 1,,43.252348736404365,-2.9307905883816381,1,0,1
272,5902,GERNIKA 10,,43.250561610318904,-2.9299840646580733,1,0,1
273,5903,GERNIKA 11,,43.251170798812552,-2.9292433302002467,1,0,1
271,5904,GERNIKA 23,,43.249421267953949,-2.9269222147937186,1,0,1
270,5905,GERNIKA 24,,43.249379004757763,-2.9279436781110912,1,0,1
266,5906,GOIKO TORRE 12,,43.247665117647557,-2.9316570184930448,1,0,1
269,5907,JULIÁN ZUGAZAGOITIA 13,,43.248791489978153,-2.9280801164006642,1,0,1
267,5908,FLORESTA,,43.246878515781894,-2.9298633252980557,1,0,1
268,5909,MARTÍN BARÚA fte. 24,,43.248565874683571,-2.9300068137067483,1,0,1
265,5910,MARTÍN BARÚA 17,,43.249379888308177,-2.9316185513793869,1,0,1
259,5911,SAN ADRIÁN fte. 33,,43.246947258981905,-2.9325947974169648,1,0,1
262,5912,SAN ADRIÁN 17 ,,43.248517752398449,-2.933188485679918,1,0,1
263,5913,SAN ADRIÁN 2 ,,43.249659682576329,-2.9338145443463941,1,0,1
261,5914,SAN ADRIÁN 36 ,,43.248719123224284,-2.9334237002657093,1,0,1
260,5915,SAN ADRIÁN 33 ,,43.24697239827956,-2.9324858399719878,1,0,1
275,5916,XENPELAR / TRAVESÍA ZABALA,,43.252743382672925,-2.9326775719776479,1,0,1
1262,5919,MINA SAN LUIS,,43.253451770353955,-2.9295493692367254,1,0,1
4454,5920,CENTRO DE SALUD MIRIBILLA,,43.253598793197057,-2.9295315845763614,1,0,1
4455,5921,XENPELAR / GERNIKA,,43.252418387392126,-2.9312046160249841,1,0,1
303,6101,ALAMEDA RECALDE 11,,43.266656104539322,-2.9334048648623665,1,0,1
304,6102,ALAMEDA RECALDE 12,,43.266148859168808,-2.9337407567866216,1,0,1
305,6103,ALAMEDA RECALDE 31,,43.263649400831831,-2.9346392129861365,1,0,1
388,6104,ALAMEDA SAN MAMÉS 8,,43.257727919389467,-2.9351054017365135,1,0,1
387,6106,AUTONOMÍA 4,,43.257369581675874,-2.9353711745370146,1,0,1
317,6107,PUENTE DE DEUSTU / ZUBIARTE,,43.267578709539372,-2.9395763369622427,1,0,1
307,6108,ELCANO fte. 9,,43.262360299252371,-2.9346552706675162,1,0,1
314,6109,ELCANO 2,,43.2655009568999,-2.9368427351708815,1,0,1
312,6110,ELCANO 3,,43.263945890156592,-2.9356206499803279,1,0,1
323,6111,CONCHA 2 ,,43.261152689983106,-2.9341809404444481,1,0,1
389,6112,CONCHA  26,,43.258202749976149,-2.9354002119577451,1,0,1
287,6113,GRAN VÍA  7,,43.261554517223345,-2.928525615126595,1,0,1
306,6114,GRAN VÍA  36,,43.262723274449314,-2.9335115996307524,1,0,1
291,6115,GRAN VÍA  37,,43.2627139392367,-2.9338020042343116,1,0,1
310,6116,PALACIO CHÁVARRI,,43.263297237833328,-2.9360433074144221,1,0,1
288,6117,GRAN VÍA  8,,43.26174245473721,-2.9290231216569378,1,0,1
300,6118,HURTADO DE AMÉZAGA 1 ,,43.260669324373339,-2.9280356544457082,1,0,1
301,6119,HURTADO DE AMÉZAGA 2,,43.260868822603491,-2.927969230587891,1,0,1
325,6120,HURTADO DE AMÉZAGA 15,,43.257941544990942,-2.9328843823866322,1,0,1
326,6121,HURTADO DE AMÉZAGA 50,,43.257604545466648,-2.9335771226893526,1,0,1
290,6122,IBÁÑEZ DE BILBAO 14,,43.263069741494121,-2.9275074895398379,1,0,1
327,6123,JUAN DE GARAY 7,,43.256347727565171,-2.9332615712838432,1,0,1
302,6124,MAZARREDO 3,,43.262618261108628,-2.9293102605115324,1,0,1
315,6125,MUSEO PLAZA 5,,43.265880628636005,-2.9370418465556294,1,0,1
286,6126,PLAZA CIRCULAR,,43.26146388327313,-2.9271728192164894,1,0,1
324,6128,URQUIJO 14,,43.259820135812646,-2.9325311387927178,1,0,1
756,6129,AYALA fte. 2,,43.260742597916625,-2.9290362927038971,1,0,1
775,6130,GRAN VÍA  2,,43.26149173241307,-2.9278842696638674,1,0,1
292,6131,GUGGENHEIM,,43.267302785160688,-2.935370783597504,1,0,1
390,6201,ALAMEDA SAN MAMÉS fte. 33,,43.25913863404309,-2.9375588589569435,1,0,1
398,6202,AUTONOMÍA 22 ,,43.257493159765552,-2.9379129335932479,1,0,1
404,6203,AUTONOMÍA 50,,43.257745394665335,-2.9429989762746454,1,0,1
316,6204,PUENTE DE  DEUSTU,,43.267588031148151,-2.9394376384348395,1,0,1
309,6205,GRAN VÍA  41,,43.263197835971951,-2.9361009680100527,1,0,1
311,6206,GRAN VÍA  43,,43.263379123011873,-2.9369292926120694,1,0,1
321,6207,GRAN VÍA  62,,43.264223254397059,-2.9402348015015978,1,0,1
320,6208,GRAN VÍA  63,,43.264178481520148,-2.9405956599008687,1,0,1
318,6209,GREGORIO DE LA REVILLA 1,,43.263639140210614,-2.9392592274489933,1,0,1
394,6210,GREGORIO DE LA REVILLA 17,,43.261580758125746,-2.94009880358232,1,0,1
319,6211,GREGORIO DE LA REVILLA 2,,43.263659802687187,-2.9393223501808659,1,0,1
393,6212,GREGORIO DE LA REVILLA 22,,43.261221106951993,-2.940313718793643,1,0,1
399,6213,GREGORIO DE LA REVILLA 35,,43.258623729195314,-2.9413046061914367,1,0,1
400,6214,GREGORIO DE LA REVILLA 36,,43.258378825520595,-2.9414638290403787,1,0,1
294,6215,IPARRAGUIRRE fte. 42,,43.26065923089822,-2.9374381620260581,1,0,1
313,6216,IPARRAGUIRRE 29,,43.262908534743886,-2.9365106729232888,1,0,1
308,6219,MOYÚA 4  ,,43.26292362597087,-2.9356607653976092,1,0,1
395,6221,URQUIJO 68,,43.261373064095565,-2.942052230964749,1,0,1
410,6222,URQUIJO  92,,43.262154662137583,-2.9456184942990622,1,0,1
392,6223,URRUTIA 1,,43.259937464562711,-2.9401309656473895,1,0,1
293,6224,GRAN VÍA  74 ,,43.264817670901046,-2.9429271200994833,1,0,1
391,6226,URQUIJO  / PLAZA BIZKAIA,,43.260304179300576,-2.937135494011935,1,0,1
406,6228,MARÍA DÍAZ DE HARO fte.57,,43.25830734816202,-2.9456971009754747,1,0,1
559,6229,IPARRAGUIRRE 63,,43.258077192646844,-2.9385843237914782,1,0,1
1683,6231,GRAN VÍA  85,,43.264946064529674,-2.9441122460442473,1,0,1
384,7101,AMETZOLA,,43.254426697379671,-2.9435194737210315,1,0,1
386,7102,AUTONOMÍA 1 ,,43.257239101173845,-2.935361045509906,1,0,1
397,7103,AUTONOMÍA 13 ,,43.25735839220129,-2.9376724210240948,1,0,1
403,7104,AUTONOMÍA 43,,43.257618662433821,-2.94279224420661,1,0,1
401,7106,GORDÓNIZ 22,,43.257163112114178,-2.9419143003076362,1,0,1
402,7107,GORDÓNIZ 39,,43.256657236769,-2.9423446285197619,1,0,1
385,7108,PEDRO MARTÍNEZ ARTOLA 2,,43.256864135142408,-2.9350401092694427,1,0,1
336,7201,BERGARA fte.12,,43.251440341994382,-2.9357763240783781,1,0,1
329,7203,IRALA fte.19,,43.25492409891806,-2.936331474857413,1,0,1
333,7204,IRALA fte.53,,43.252035960932147,-2.9376690832887866,1,0,1
332,7205,IRALA 28,,43.253293074727566,-2.9376100245447541,1,0,1
334,7206,JUAN DE GARAY / GIÑA ESTRADA,,43.251280268591088,-2.9347453265976351,1,0,1
330,7207,JUAN DE GARAY / GOBIERNO MILITAR,,43.253869501984006,-2.9340804731679593,1,0,1
331,7208,MONASTERIO 5,,43.253098467440417,-2.9355039788490624,1,0,1
335,7209,ROTONDA ESKURTZE,,43.250834293812467,-2.9357990213685641,1,0,1
328,7210,URIZAR 24 / GOBIERNO MILITAR,,43.254545801421138,-2.934647585122391,1,0,1
1293,7211,ESKURTZE fte. 10,,43.252039305939107,-2.9387785301853713,1,0,1
365,7301,ARTAZUGOIKOA,,43.246458318044546,-2.9421263351479774,1,0,1
373,7302,BENITO ALBERDI fte. 6 ,,43.252547647620169,-2.945126799234878,1,0,1
363,7303,CAMILO VILLABASO fte. 27,,43.251721345293163,-2.9475954912333839,1,0,1
371,7304,CIUDADELA 1,,43.252562699237295,-2.9456121037390988,1,0,1
372,7305,CIUDADELA 2A,,43.252228054257507,-2.9450627058107086,1,0,1
379,7306,ERREKALDE-LARRASKITU 1,,43.251808639963812,-2.9440787461613307,1,0,1
376,7307,ERREKALDE-LARRASKITU 23,,43.250947989205457,-2.9422165680642403,1,0,1
368,7308,GORDÓNIZ fte. 54 ,,43.252276595282424,-2.9462359354645371,1,0,1
382,7310,GORDÓNIZ 36,,43.25437681533861,-2.9447574496610045,1,0,1
383,7311,GORDÓNIZ 49A,,43.254355940464166,-2.9446592349057878,1,0,1
369,7312,GORDÓNIZ 54 ,,43.252495702145126,-2.9462853221592238,1,0,1
367,7313,GORDÓNIZ 90,,43.249413081937391,-2.9469827489483622,1,0,1
370,7314,GOYA 7,,43.252884164160783,-2.9464891257715426,1,0,1
1491,7316,JAÉN 7,,43.252822646689275,-2.9432308044341124,1,0,1
571,7317,XALBADOR / fte. ALHÓNDIGA,,43.248942722444177,-2.9448472314498417,1,0,1
570,7318,XALBADOR / ALHÓNDIGA,,43.24892680470073,-2.9447654186689385,1,0,1
572,7319,XALBADOR / FILOMENA BALDEZATE,,43.2501730574428,-2.9448211744828474,1,0,1
364,7320,ARTAZUGOIKOA / ESCUELA,,43.246740568449866,-2.9416990736408737,1,0,1
568,7322,HIJAS DE LA CARIDAD fte.118,,43.246192502241222,-2.941022491782411,1,0,1
569,7323,HIJAS DE LA CARIDAD 126,,43.246533562595914,-2.9411015190991932,1,0,1
1485,7324,AVENIDA FERROCARRIL,,43.254022472745831,-2.9425286867338336,1,0,1
3167,7325,LA ROSETA,,43.244425481531138,-2.9436400583081608,1,0,1
3963,7328,MATILDE ORBEGOZO,,43.246132091309534,-2.9427468681480136,1,0,1
6917,7329,GORDÓNIZ 99,,43.249722444108571,-2.9468880218841513,1,0,1
577,7401,ARTAZUBEKOA,,43.249705235030156,-2.9420202905199475,1,0,1
575,7402,ARTAZUBEKOA fte.10,,43.25059830207654,-2.9423614895415686,1,0,1
576,7403,ARTAZUBEKOA  27,,43.25006753107958,-2.9419286427877922,1,0,1
374,7404,ERREKALDE-LARRASKITU fte. 36,,43.248958459491007,-2.939893510767781,1,0,1
340,7405,ERREKALDE-LARRASKITU / fte. IBERDROLA,,43.244946260368891,-2.9338131273923884,1,0,1
337,7406,ERREKALDE-LARRASKITU / fte. POLIDEPORTIVO,,43.245662163308744,-2.9371865769229717,1,0,1
339,7407,ERREKALDE-LARRASKITU / PAGASARRABIDE,,43.245331932068858,-2.9344611062932158,1,0,1
338,7408,ERREKALDE-LARRASKITU / POLIDEPORTIVO,,43.245756237963711,-2.937247474871536,1,0,1
377,7409,ERREKALDE-LARRASKITU 14,,43.250878913666234,-2.9422235589161247,1,0,1
378,7410,ERREKALDE-LARRASKITU 2,,43.251489710056774,-2.9435042114613528,1,0,1
375,7411,ERREKALDE-LARRASKITU 36,,43.249013112259256,-2.9399767209099967,1,0,1
341,7412,LARRASKITUBIDEA / ESTRADA BEITI,,43.241967183142187,-2.9344555946876438,1,0,1
343,7413,LARRASKITUBIDEA  88,,43.242878516601039,-2.9367979177497952,1,0,1
345,7414,LARRASKITUBIDEA  98,,43.242306378767694,-2.94009374995103,1,0,1
258,7415,SAN ADRIÁN 48 ,,43.242868785769843,-2.9321449101072017,1,0,1
566,7416,HIJAS DE LA CARIDAD 48,,43.245181060818709,-2.9386789025873576,1,0,1
567,7417,HIJAS DE LA CARIDAD fte. 46,,43.245199738387846,-2.9384688127903495,1,0,1
1192,7418,LARRASKITUBIDEA fte. 81,,43.242939988158305,-2.9381252412523007,1,0,1
362,7501,ALTUBE 12,,43.2518948203203,-2.9489337832559457,1,0,1
360,7502,BETOLATZA 41,,43.249104950099479,-2.9503600303775013,1,0,1
356,7503,BETOLATZA 51,,43.247988325005778,-2.9507336296204576,1,0,1
361,7508,CIRCUNVALACIÓN 1,,43.251259267420963,-2.9489105670884244,1,0,1
358,7509,CIRCUNVALACIÓN 12,,43.249876278669149,-2.949516047488927,1,0,1
357,7510,URETAMENDI ,,43.248702289504244,-2.9493523765574929,1,0,1
697,7511,ARMOTXABIDEA,,43.246968986800731,-2.9506919624216295,1,0,1
354,7601,ITURRIGORRIBIDEA fte. 45,,43.245870901425683,-2.9487173055040188,1,0,1
355,7602,ITURRIGORRIBIDEA 37,,43.246925631083094,-2.9483295642697027,1,0,1
352,7603,PEÑASCAL / IGLESIA,,43.2432196302035,-2.9491377473484457,1,0,1
350,7604,PEÑASCAL fte. 29 ,,43.240147974492096,-2.9497714439170828,1,0,1
353,7605,PEÑASCAL 16,,43.2434454451322,-2.9491107529013543,1,0,1
351,7606,PEÑASCAL 29,,43.240473342868448,-2.9497099561602189,1,0,1
349,7701,PEÑASCAL fte.146,,43.238788000325449,-2.9485313622123019,1,0,1
348,7702,SAN JUSTO,,43.240388771132061,-2.9445484290099779,1,0,1
346,7703,SAN JUSTO fte. 5,,43.239889902319582,-2.942917133802188,1,0,1
347,7704,SAN JUSTO 12,,43.24002729883933,-2.943127813917978,1,0,1
457,8103,BASURTUBEKOA / fte. IPARRALDE,,43.258866316194691,-2.952106744904619,1,0,1
458,8104,BASURTUBEKOA / IPARRALDE,,43.258501559918564,-2.9519784980452775,1,0,1
463,8105,BASURTU-KASTREXANA fte. 65 ,,43.261015403049363,-2.9566495517442006,1,0,1
462,8106,BASURTU-KASTREXANA 63,,43.260744143418364,-2.9561023528087396,1,0,1
453,8107,GURTUBAY ,,43.259988896730292,-2.9512900591440587,1,0,1
474,8113,MONTEVIDEO / SANTA ANA,,43.262567165856922,-2.9563812725485246,1,0,1
405,8117,AVENIDA DEL FERROCARRIL / AUTONOMÍA,,43.257495032917355,-2.9461267315534845,1,0,1
1122,8118,URKIOLA 1,,43.256205148070414,-2.9465243738316254,1,0,1
409,8122,BASURTU / BRIÑAS,,43.25801088124571,-2.9491066556137082,1,0,1
408,8123,BASURTU / AITA DONOSTIA,,43.257975596695509,-2.9491109365501051,1,0,1
1033,8128,LUIS BRIÑAS 27,,43.260827270845617,-2.9486918553856456,1,0,1
1284,8129,SABINO ARANA 32,,43.260456753467288,-2.9472190511881533,1,0,1
1681,8134,HOSPITAL BASURTO,,43.260163023979153,-2.9531510351981738,1,0,1
2714,8135,ESTACIÓN BASURTO,,43.26012183750548,-2.9533614256485317,1,0,1
1680,8136,SAN MAMÉS,,43.262835019122605,-2.947747807624884,1,0,1
2713,8138,GENERAL EGUÍA / INTERMODAL,,43.25996325979807,-2.9494120822227257,1,0,1
416,8203,CAMINO VENTOSA 46,,43.264721792343892,-2.95343421577833,1,0,1
473,8204,MONTEVIDEO / fte. SANTA ANA,,43.262828665171362,-2.9564632138143603,1,0,1
475,8205,MONTEVIDEO / OLABEAGA,,43.264992254170629,-2.9612733234280411,1,0,1
415,8206,OLABEAGA / fte. DIQUE,,43.265303380050909,-2.9524046522058094,1,0,1
414,8207,OLABEAGA / CALLE DIQUE,,43.265284706294949,-2.9522485653873183,1,0,1
417,8208,OLABEAGA 22A,,43.264921227444894,-2.9551382256364076,1,0,1
419,8209,OLABEAGA 30,,43.264807646917944,-2.9579544490006917,1,0,1
420,8210,SAN NICOLÁS DE OLABEAGA fte. 27,,43.265065139897253,-2.9590133724169538,1,0,1
418,8211,SAN NICOLÁS DE OLABEAGA 22,,43.264476476769,-2.9558951420929689,1,0,1
423,8212,SAN NICOLÁS DE OLABEAGA 58,,43.266094910327588,-2.9607110849193652,1,0,1
421,8213,SIRGUERAS 3,,43.265770918334944,-2.9600696839341505,1,0,1
451,8301,AUNTZETXETA fte. 18,,43.258053346317325,-2.9542006809755623,1,0,1
450,8302,AUNTZETXETA 18,,43.257835188484812,-2.9541253576600486,1,0,1
448,8303,AUNTZETXETA 4,,43.258386778598336,-2.9558098339104193,1,0,1
449,8304,AUNTZETXETA 7,,43.258432984726184,-2.9558688545330085,1,0,1
446,8305,BASURTUGORTA 1,,43.255902600823688,-2.9539087603307244,1,0,1
433,8306,MONTE KOBETA fte. 41,,43.256875292394753,-2.9602048931684886,1,0,1
431,8307,MONTE KOBETA,,43.255817285899859,-2.9597163721533692,1,0,1
461,8308,LEZEAGA 14,,43.258941674940864,-2.9568051290037314,1,0,1
460,8309,LEZEAGA 9,,43.258949016005758,-2.9564348926163397,1,0,1
429,8310,ESTRADA MASUSTEGI / ESCALERAS,,43.253864852748045,-2.9593325348737225,1,0,1
427,8311,ESTRADA MASUSTEGI / ESCUELA,,43.253675138762581,-2.9566594388523035,1,0,1
425,8312,ESTRADA MASUSTEGI / MONTE CARAMELO,,43.252644580058416,-2.9554039747653524,1,0,1
445,8313,MASUSTEGI ESTRATA 3 Bis,,43.255856564563587,-2.9538612732959146,1,0,1
424,8314,MONTE CARAMELO,,43.253564860247714,-2.9530248630263292,1,0,1
447,8316,LEZEAGA 25,,43.256984857294576,-2.9552328331603008,1,0,1
573,8317,MONTEVIDEO / fte. OLABEAGA,,43.26474481904895,-2.9612021571251224,1,0,1
465,8401,BASURTU-KASTREXANA fte. 125 / ALBERGUE,,43.261836873307352,-2.9600019787220897,1,0,1
466,8402,BASURTU-KASTREXANA / ALTAMIRA,,43.263328209946337,-2.9624534355920695,1,0,1
464,8403,BASURTU-KASTREXANA 85,,43.261173922738642,-2.9595784818695754,1,0,1
437,8404,KOBETABIDEA / ALTAMIRA,,43.261717438562663,-2.9650443490482163,1,0,1
486,8501,FRAY JUAN 35,,43.277476200780107,-2.974966286077684,1,0,1
485,8502,FRAY JUAN 11,,43.276660908944066,-2.9721892682392497,1,0,1
481,8503,ZAZPILANDA / BIDEGAIN,,43.273414958230333,-2.9706837163020223,1,0,1
479,8504,ZAZPILANDA / MENDIGAIN,,43.272016803642089,-2.9694686002586974,1,0,1
480,8505,ZAZPILANDA / PINADIA,,43.272218379734014,-2.9692865582304049,1,0,1
482,8506,ZAZPILANDA 7,,43.273227641678055,-2.9716347158270753,1,0,1
478,8507,ZORROTZABASO fte. 12,,43.271143512989681,-2.971052294646062,1,0,1
476,8508,ZORROTZA-KASTREXANA / fte. CIUDAD JARDÍN,,43.271585675303186,-2.9744186979610103,1,0,1
483,8509,ZORROTZA-KASTREXANA 25,,43.275016527346516,-2.972799856990993,1,0,1
477,8511,ZORROTZA-KASTREXANA 77,,43.272210858711432,-2.974171175255409,1,0,1
1482,8512,ZORROTZA-KASTREXANA 10,,43.275707455485531,-2.9719519693390684,1,0,1
468,8601,ALTAMIRA,,43.263369658299943,-2.9634902402618737,1,0,1
467,8602,BASURTU-KASTREXANA / fte. ALTAMIRA,,43.263719191093209,-2.96265698388265,1,0,1
430,8603,MONTE KOBETA/ fte. ACCESO BARRIO,,43.255513302896709,-2.9602177747402973,1,0,1
435,8604,MONTE KOBETA 33,,43.258645453363059,-2.9623594628826897,1,0,1
434,8605,MONTE KOBETA 34,,43.258403864855588,-2.9621715287163495,1,0,1
432,8606,MONTE KOBETA 41,,43.257083200860976,-2.9604843335185009,1,0,1
469,8607,KOBETABIDEA fte. 104,,43.264165141506162,-2.965483298333556,1,0,1
436,8608,KOBETABIDEA fte. 16,,43.2615391613152,-2.9651583259325958,1,0,1
471,8609,KOBETABIDEA fte. 193,,43.268054411712789,-2.9683033390987541,1,0,1
470,8610,KOBETABIDEA 104,,43.263963073445481,-2.9653018920130663,1,0,1
472,8611,KOBETABIDEA 193 ,,43.26799340263436,-2.9683144909964172,1,0,1
428,8612,ESTRADA MASUSTEGI / fte. ESCALERAS,,43.253837668990329,-2.9593773896790658,1,0,1
426,8613,ESTRADA MASUSTEGI / fte. ESCUELA,,43.253668313783628,-2.9567449903844474,1,0,1
443,8614,ZORROTZA-KASTREXANA / fte. Sta. ÁGUEDA,,43.261420342937704,-2.9714835724442454,1,0,1
444,8615,ZORROTZA-KASTREXANA / ETXEBARRIA,,43.264527671183288,-2.9736670833796008,1,0,1
438,8616,ZORROTZA-KASTREXANA / PUENTE DEL DIABLO,,43.2551075554753,-2.9724599964122334,1,0,1
442,8617,ZORROTZA-KASTREXANA / Sta. ÁGUEDA ,,43.261331108030248,-2.9715152249508265,1,0,1
440,8618,ZORROTZA-KASTREXANA 185,,43.256945565856185,-2.9705577010760171,1,0,1
441,8619,ZORROTZA-KASTREXANA 200,,43.2583164064272,-2.9697177002111674,1,0,1
439,8620,ZUBILETA 74,,43.255717253377711,-2.9734939357851,1,0,1
537,8621,ZORROTZA-KASTREXANA / fte. PUENTE DEL DIABLO,,43.255165994225479,-2.9719887138390808,1,0,1
